2.1
2.32
2.61
2.142
2.222
2.235
2.265
2.267
2.279
2.280
2.284
2.303
2.323
2.331
2.346
2.439
2.451
2.457
2.463
2.464
2.465
2.607
2.614
2.616
2.633
2.634
3.22
6.10
8.2
8.6
12.70
12.171
12.178
12.188
12.192
12.193
12.197
12.207
12.209
12.212
12.215
12.297
15.21
15.49
15.53
15.74
16.66
16.75
16.122
16.127
16.128
16.132
16.154
16.189
16.193
16.194
18.10
18.11
19.73
19.78
19.79
19.80
19.82
19.96
19.104
19.107
20.2
20.11
21.47
22.16
22.22
24.8
24.9
25.24
25.32
26.20
26.21
26.26
26.29
26.32
26.64
27.15
27.16
27.20
27.26
27.42
28.7
29.7
33.10
35.9
35.16
36.13
36.32
36.34
37.27
38.1
39.1
41.1
41.8
42.2
42.6
42.16
48.5
50.1
50.13
55.4
55.5
56.2
61.8
61.13
62.5
62.10
62.14
62.15
62.18
63.12
70.8
73.21
73.27
74.16
74.18
75.23
75.28
76.15
79.3
80.4
81.1
82.4
83.6
84.11
84.20
86.10
91.2
96.3
101.1
104.23
105.1
107.3
109.9
109.21
109.29
109.35
111.9
111.10
112.8
114.1
117.4
121.20
121.29
122.11
122.16
123.28
123.29
123.31
124.2
124.15
126.2
127.11
127.13
128.5
133.7
138.1
139.13
139.19
139.20
139.25
139.26
139.35
140.1
142.1
148.2
149.1
150.1
151.11
151.13
151.15
152.4
153.1
156.15
156.17
157.3
157.4
159.5
161.7
162.2
162.8
163.5
163.6
163.7
165.6
166.13
168.1
168.2
168.3
172.7
172.8
174.11
177.4
178.1
180.1
185.1
186.2
189.3
191.2
194.4
196.7
196.11
197.10
200.4
205.6
206.3
208.2
209.3
211.3
212.10
212.48
212.49
213.2
213.4
221.1
223.2
230.1
234.13
234.18
237.1
244.5
246.9
247.3
307.5
307.7
308.1
311.4
313.10
